{"cols": ["danceability", "energy", "valence", "tempo", "acousticness", "speechiness", "instrumentalness", "liveness", "popularity"], "matrix": [[1.0, 0.134, 0.477, -0.05, -0.172, 0.109, -0.186, -0.132, 0.035], [0.134, 1.0, 0.259, 0.248, -0.734, 0.143, -0.182, 0.185, 0.001], [0.477, 0.259, 1.0, 0.078, -0.107, 0.037, -0.324, 0.019, -0.041], [-0.05, 0.248, 0.078, 1.0, -0.208, 0.017, -0.05, 0.001, 0.013], [-0.172, -0.734, -0.107, -0.208, 1.0, -0.002, 0.104, -0.021, -0.025], [0.109, 0.143, 0.037, 0.017, -0.002, 1.0, -0.09, 0.205, -0.045], [-0.186, -0.182, -0.324, -0.05, 0.104, -0.09, 1.0, -0.08, -0.095], [-0.132, 0.185, 0.019, 0.001, -0.021, 0.205, -0.08, 1.0, -0.005], [0.035, 0.001, -0.041, 0.013, -0.025, -0.045, -0.095, -0.005, 1.0]]}